800 39
(tensor([  104,  2503,  1127,  5088,  1117, 25671,  1250,  1681,  7096,  1285,
        10207,  8021,  5441,  1114, 57257,  8497,  1154, 21297,  1582,  1115,
          492,   105]), tensor([0., 0., 0., 0., 0., 0., 0., 0., 0., 0., 0., 0., 0., 0., 0., 0., 0., 0.,
        0., 0., 0., 0., 0., 0., 1., 0., 0., 0., 0., 0., 0., 0., 0., 0., 0., 1.,
        0., 0., 0.]))
tensor([  104,  2503,  1127,  5088,  1117, 25671,  1250,  1681,  7096,  1285,
        10207,  8021,  5441,  1114, 57257,  8497,  1154, 21297,  1582,  1115,
          492,   105])
tensor([0., 0., 0., 0., 0., 0., 0., 0., 0., 0., 0., 0., 0., 0., 0., 0., 0., 0.,
        0., 0., 0., 0., 0., 0., 1., 0., 0., 0., 0., 0., 0., 0., 0., 0., 0., 1.,
        0., 0., 0.])
0
